69
922
100
422
42
455
894
980
652
861
57
456
174
373
848
794
458
13
762
489
659
901
666
98
281
474
142
703
905
966
524
478
124
721
538
238
466
48
807
35
957
33
289
858
27
608
579
466
650
85
426
25
876
86
146
731
639
676
132
495
724
456
171
239
242
304
370
440
983
27
259
601
490
199
321
76
437
11
485
68
39
334
428
694
361
375
769
389
893
293
269
762
496
474
559
52
265
547
629
200
839
223
134
437
876
378
452
739
984
502
653
84
687
810
325
55
128
632
553
381
939
385
170
941
47
621
350
475
191
551
639
711
597
823
188
473
537
84
507
24
720
156
584
608
68
75
878
39
515
804
151
36
25
60
392
243
810
615
635
819
85
88
573
460
759
219
619
306
224
218
439
813
403
436
429
670
989
558
831
201
268
915
264
261
405
523
355
806
675
194
464
962
104
518
280
527
130
819
453
918
141
448
583
57
227
5
943
51
320
993
545
345
736
266
566
203
317
80
480
346
30
412
18
537
329
625
185
605
136
234
578
436
50
69
307
435
102
404
328
630
686
810
758
382
323
862
945
428
102
763
104
218
443
816
430
94
995
421
63
805
204
814
230
64
707
269
984
753
316
768
41
63
962
966
694
487
442
526
455
353
706
226
618
111
357
561
108
544
255
423
350
847
163
108
259
582
131
592
904
956
383
319
351
548
472
238
189
389
485
294
9
215
61
510
845
859
376
746
590
202
75
444
813
793
230
980
910
137
696
863
109
329
328
501
281
68
396
238
754
55
495
165
6
520
700
832
758
631
242
239
440
555
871
37
882
864
821
266
322
600
480
654
516
635
792
672
824
690
942
383
539
51
499
43
846
876
367
9
816
11
920
283
423
961
966
358
39
194
143
931
282
339
540
944
422
976
926
980
434
145
809
801
159
536
588
669
810
448
891
426
652
732
680
620
386
37
933
346
901
9
174
271
593
770
977
642
262
957
458
177
682
649
652
362
676
291
869
186
688
642
202
77
406
174
576
775
365
429
58
182
773
274
279
608
863
568
641
555
949
600
363
667
242
831
604
800
166
35
644
194
691
596
929
16
979
735
484
225
23
24
527
646
869
593
232
580
651
982
20
969
813
740
820
905
539
749
449
175
607
147
247
29
748
618
236
317
813
872
82
566
275
170
747
430
380
556
668
801
773
1
297
555
951
685
944
854
251
638
447
565
533
745
277
47
344
761
997
111
768
899
844
351
815
639
242
11
10
163
580
924
235
798
761
900
949
488
481
413
246
614
381
122
868
416
661
107
748
970
868
729
379
712
163
330
805
266
656
795
351
466
210
9
444
215
229
333
119
528
654
475
93
871
384
440
970
912
775
502
257
812
39
554
17
456
803
67
544
725
43
813
419
446
81
625
590
58
700
780
648
93
438
395
119
175
998
963
240
881
404
925
129
774
399
635
507
487
996
434
374
220
599
808
493
230
718
995
718
911
181
978
99
408
564
755
757
256
274
658
980
655
190
767
707
962
674
89
245
363
699
367
988
545
173
37
385
573
373
51
356
360
260
645
289
545
202
707
804
368
426
423
384
823
324
912
463
87
425
660
590
371
467
609
835
882
443
37
510
518
229
234
474
295
375
373
712
840
854
68
939
842
976
706
848
985
71
952
135
212
351
859
121
160
960
903
18
457
446
479
239
508
465
821
604
757
150
266
247
57
75
823
62
514
48
324
923
163
711
577
171
127
387
698
386
121
981
155
189
574
210
945
495
907
22
87
236
595
931
656
554
66
209
597
272
926
518
342
470
193
178
16
876
323
66
423
282
21
803
130
564
604
421
255
556
935
614
841
466
41
906
282
275
712
874
917
157
117
83
936
826
240
802
614
910
213
577
18
350
795
490
830
748
253
512
555
253
43
994
664
344
924
404
739
192
553
898
265
47
527
827
914
715
378
166
555
457
183
448
623
431
227
328
187
263
853
381
980
697
568
45
69
663
396
221
611
283
505
469
893
362
591
115
359
145
662
842
300
28
236
662
400
231
520
16
860
885
523
859
920
827
454
245
130
298
673
917
399
485
127
45
734
906
988
485
259
845
566
773
370
820
962
243
589
154
268
673
19
726
670
899
583
765
688
490
19
913
571
111
132
979
729
334
305
955
776
32
480
321
202
891
867
589
612
691
931
663
892
611
609
45
607
722
698
575
860
378
505
441
65
575
831
464
748
802
156
586
499
580
126
764
309
356
575
313
970
390
229
334
741
606
62
375
826
315
231
485
422
813
121
476
745
638
902
925
320
166
188
841
718
722
987
252
140
939
699
24
861
501
175
515
733
170
120
16
372
879
141
819
363
534
365
702
858
545
825
587
42
943
975
307
863
963
173
973
58
87
453
196
38
474
22
13
958
602
943
690
548
481
880
341
860
642
602
988
657
572
244
139
645
513
501
407
841
511
341
199
586
564
506
747
864
817
779
878
826
120
72
576
225
696
909
227
588
445
863
764
647
586
877
696
504
956
767
422
80
914
274
981
772
921
155
202
647
196
366
334
663
916
951
618
843
836
152
664
692
245
15
500
686
547
781
634
29
589
650
341
331
623
666
922
399
926
919
969
71
517
578
21
923
380
233
647
259
341
205
787
477
264
324
926
797
253
359
476
590
796
57
696
591
19
625
841
905
117
318
896
561
990
327
261
88
54
994
632
400
626
185
944
661
585
808
859
294
375
795
606
307
337
330
954
126
818
974
900
28
518
70
350
671
996
958
174
476
227
543
254
354
338
762
794
701
515
416
84
199
932
755
107
29
690
372
636
126
960
307
983
698
533
404
703
875
520
48
93
283
143
851
94
183
33
906
313
574
575
240
84
656
616
934
212
862
700
798
388
109
710
525
579
140
357
492
401
400
416
722
451
455
657
752
55
558
311
323
651
559
436
867
441
583
445
334
38
551
755
582
217
278
446
938
345
115
179
69
970
96
513
367
262
501
326
111
250
227
549
136
705
381
855
795
587
417
543
799
727
815
90
313
467
241
411
701
433
98
293
801
336
533
314
575
424
858
782
548
516
528
614
883
558
596
364
167
238
316
369
618
398
834
858
141
111
126
826
982
52
881
258
311
745
596
252
708
812
420
90
266
174
177
410
35
701
788
425
499
635
577
196
855
153
746
29
890
466
772
79
461
961
233
28
404
198
970
248
449
331
470
448
838
777
671
178
75
474
54
906
957
213
569
90
674
746
920
464
455
746
726
558
551
423
225
360
390
390
617
33
765
76
551
532
574
207
105
140
867
193
88
621
580
858
970
641
715
417
469
6
116
731
223
805
804
156
345
657
694
972
235
232
30
254
267
321
679
422
89
781
232
251
121
287
162
132
673
677
548
372
54
359
713
749
137
683
768
946
87
241
190
367
606
210
851
32
888
265
897
157
773
365
95
341
394
732
986
932
166
744
960
792
663
234
29
915
190
361
456
970
584
244
242
9
975
542
863
731
141
358
683
475
259
512
72
293
19
79
999
933
140
368
996
275
781
20
836
964
134
134
476
916
468
740
699
666
614
468
644
398
288
623
837
5
852
280
179
209
349
550
947
602
703
908
553
477
307
167
653
890
863
640
762
455
118
827
882
278
388
342
652
412
316
157
211
771
556
922
931
602
544
578
187
168
476
864
475
829
620
694
146
490
746
873
711
19
895
751
746
444
555
265
926
316
330
789
90
966
989
472
847
757
211
726
638
695
692
786
206
342
522
526
114
316
126
739
517
904
898
622
32
397
621
674
488
25
686
923
531
810
193
856
659
190
764
489
934
954
686
206
536
797
684
675
810
698
72
343
31
498
677
866
748
362
424
698
394
963
884
293
582
733
770
407
701
411
917
747
305
691
896
494
465
569
751
964
723
244
159
957
442
46
850
364
923
849
713
570
512
766
545
367
545
215
102
672
447
599
592
408
104
642
254
686
978
468
548
519
329
618
310
426
659
466
216
527
859
824
689
338
62
509
986
427
457
128
626
818
546
739
619
470
700
797
21
1
919
595
246
980
658
864
121
313
432
495
395
261
509
12
445
402
208
525
84
190
149
548
515
897
719
532
772
721
304
951
632
111
390
37
989
688
238
597
528
911
813
313
144
403
733
970
211
501
645
623
941
914
35
661
680
582
878
935
519
701
124
178
107
139
146
778
98
404
841
231
75
970
683
707
982
705
64
562
77
990
874
311
260
697
245
25
646
579
176
594
404
344
810
800
902
622
934
517
418
648
548
897
651
913
150
801
806
376
615
401
392
562
69
998
141
698
8
10
875
690
611
406
588
262
454
648
879
879
918
830
791
8
649
512
773
65
479
348
68
597
202
849
518
281
607
18
758
114
917
140
610
151
730
884
203
825
755
692
561
277
828
258
690
640
542
361
42
686
144
375
327
155
893
66
597
27
181
875
258
477
939
334
351
155
355
554
437
831
283
976
126
52
992
690
502
169
374
875
504
154
539
204
838
742
432
578
640
537
908
550
345
17
998
531
699
157
968
44
507
844
517
438
476
662
313
320
84
203
889
929
685
599
633
779
538
198
568
884
371
293
887
723
961
942
576
76
50
637
334
869
43
74
816
341
780
72
364
967
623
520
258
98
820
205
924
778
577
74
412
111
801
427
300
105
218
368
122
406
710
900
148
973
896
91
872
99
803
252
723
137
905
556
127
201
866
851
92
459
883
1
579
696
143
170
748
728
784
129
85
130
499
553
911
837
14
183
581
753
754
359
528
743
229
951
487
525
366
240
103
125
966
549
559
901
393
394
336
700
60
805
895
286
274
913
109
435
53
355
803
305
105
439
550
765
712
273
689
725
869
218
720
677
367
673
739
628
76
198
581
901
232
418
526
162
877
190
159
707
201
193
453
414
930
275
128
873
216
973
664
108
390
465
16
664
328
357
986
390
848
896
218
84
873
774
481
121
921
941
630
649
202
87
806
373
418
523
480
762
756
29
281
189
62
79
211
217
941
650
384
224
214
869
939
477
528
413
237
351
753
945
216
659
600
769
466
599
673
882
327
393
454
43
543
134
343
333
837
419
215
564
583
187
305
468
472
210
538
544
525
468
431
330
938
711
733
26
372
933
316
638
230
492
7
458
107
796
588
486
499
80
326
943
312
807
125
338
766
885
787
47
122
952
130
83
782
477
946
395
191
552
266
313
400
982
610
362
465
859
355
836
945
787
12
450
194
111
526
367
24
930
92
466
535
611
225
81
560
561
611
769
26
423
334
603
403
0
152
254
823
105
698
546
438
693
757
169
872
711
260
922
182
223
956
932
385
2
470
30
964
89
551
947
75
408
415
540
7
726
413
177
952
105
353
687
252
670
153
598
307
540
303
94
568
789
979
326
296
991
741
712
40
773
234
359
698
299
652
445
847
756
943
184
888
722
493
524
108
303
568
203
299
840
424
905
9
259
749
309
959
773
854
413
43
729
944
21
438
727
557
777
629
324
510
274
76
101
621
128
635
558
972
714
157
909
167
556
844
483
468
178
428
842
595
248
632
732
663
681
763
799
942
734
238
79
683
181
988
84
404
169
678
141
708
467
947
319
742
913
366
908
665
220
880
377
612
20
959
624
871
799
282
879
344
726
875
407
559
22
770
82
436
756
438
48
908
26
147
697
248
324
822
948
756
338
104
776
711
874
676
607
175
856
241
582
822
73
738
513
122
306
639
116
205
177
752
887
598
302
867
376
317
810
552
751
888
846
150
887
476
579
318
981
19
429
584
519
843
111
950
361
597
303
584
57
430
716
581
291
23
173
913
990
490
863
620
751
169
603
406
42
446
679
737
831
589
389
576
893
834
650
65
271
302
185
365
698
435
669
786
443
271
168
177
372
438
762
385
31
401
715
450
718
641
534
392
615
504
466
810
867
670
702
466
660
795
335
802
414
558
446
118
817
471
766
880
253
753
312
546
205
740
903
290
726
100
440
800
368
38
849
306
792
242
569
203
500
758
845
171
899
472
342
585
197
137
833
184
725
555
743
15
886
317
303
976
342
424
444
279
913
324
435
980
558
181
642
692
889
575
227
411
993
743
402
939
357
504
598
919
502
117
556
692
233
932
936
351
207
102
672
469
254
926
412
120
834
379
316
34
608
264
855
66
260
528
656
493
147
614
436
964
908
791
802
453
215
414
4
158
606
190
902
405
893
737
426
744
83
973
717
710
569
782
610
796
188
52
956
591
839
195
124
868
195
359
910
253
680
453
776
338
930
122
384
551
191
775
409
941
468
433
127
75
178
824
197
880
459
353
143
12
474
313
253
701
744
218
344
484
385
219
635
130
240
306
629
561
55
16
18
360
484
971
972
236
114
749
431
149
224
259
59
732
222
41
794
115
442
100
595
947
707
441
587
515
704
406
53
364
872
506
990
333
160
48
474
512
981
667
584
868
782
215
647
340
437
379
344
103
458
207
977
947
265
907
23
547
385
167
292
765
948
764
853
222
614
327
481
902
815
68
810
39
308
723
838
733
274
699
730
868
430
88
748
601
740
144
867
364
756
321
507
305
770
795
914
996
929
784
411
689
355
531
183
540
987
677
154
575
319
478
861
840
280
964
904
928
479
113
209
468
747
651
728
197
837
435
435
886
806
184
355
832
65
160
789
637
670
117
501
490
933
467
287
188
528
923
98
6
832
904
742
46
354
857
924
928
350
336
928
266
55
879
933
456
525
243
741
710
607
886
561
98
804
68
729
99
287
467
52
169
748
715
444
291
599
759
780
360
751
105
879
599
72
702
872
790
94
949
754
729
437
962
878
853
572
852
96
803
72
389
266
788
780
461
247
597
880
868
422
65
861
758
84
388
984
235
229
136
147
749
270
130
793
66
788
692
371
566
280
107
302
178
520
978
815
269
65
443
343
740
754
714
303
497
254
80
495
139
336
294
32
658
87
506
719
44
441
678
575
587
916
280
580
316
484
878
127
432
637
460
898
447
399
519
371
994
655
500
154
777
718
947
689
822
500
315
892
834
420
891
989
456
471
444
929
529
425
169
377
881
3
664
277
368
915
580
163
363
340
736
105
874
154
978
561
118
584
315
551
750
160
915
350
281
515
177
903
325
539
284
534
402
330
785
889
315
784
301
519
872
254
321
269
954
305
288
598
235
864
434
208
624
742
46
13
852
414
152
272
660
868
239
792
112
265
74
854
4
126
51
343
336
726
342
780
755
499
829
526
278
4
531
220
687
409
898
480
449
626
569
221
580
889
756
338
644
101
569
625
338
504
306
869
429
399
908
271
54
739
672
936
308
828
196
430
506
524
200
699
774
163
348
374
811
935
793
249
422
970
863
992
711
980
952
361
549
104
820
244
467
849
585
53
687
965
87
856
127
490
285
639
83
999
5
320
536
716
611
726
434
843
107
547
715
334
547
419
289
252
351
260
952
0
721
403
505
574
714
275
89
321
373
757
85
890
399
940
232
761
10
820
599
600
154
772
598
315
863
239
760
358
649
741
7
161
493
850
177
144
186
727
441
587
1
645
371
602
21
71
34
396
729
431
387
78
980
126
840
250
822
528
643
457
939
477
127
400
448
424
599
421
1
535
188
191
409
202
236
982
986
523
835
973
368
223
544
448
683
705
643
35
859
578
895
644
991
594
556
445
292
495
456
585
232
475
121
272
517
611
515
743
117
471
356
679
788
317
212
442
472
956
370
974
989
796
531
60
862
420
178
199
28
543
127
246
481
649
930
624
527
503
53
761
714
133
919
543
798
116
816
730
663
853
351
113
463
465
320
781
47
991
647
766
221
612
781
598
96
601
948
202
663
670
662
5
130
787
109
462
993
829
294
651
705
590
882
164
317
714
128
233
154
948
648
485
100
93
32
194
555
952
152
800
29
78
507
642
761
867
348
504
685
918
982
233
481
590
500
583
175
729
303
592
202
328
694
413
756
997
291
684
148
608
401
36
674
676
921
456
512
800
556
773
740
563
319
240
721
121
226
756
923
41
835
199
612
998
732
667
983
806
668
912
962
911
578
257
880
342
94
892
748
538
649
250
983
708
726
950
925
974
379
184
702
44
260
744
444
13
341
118
950
228
455
225
751
412
686
815
680
100
924
808
444
405
394
837
332
197
335
238
708
542
587
184
193
593
374
952
561
571
858
55
616
694
853
664
835
604
987
759
68
469
3
786
592
326
944
60
972
901
122
378
167
972
872
618
95
939
34
472
945
14
941
903
163
0
444
93
760
589
709
497
231
454
946
199
885
366
786
707
208
888
444
139
855
547
410
667
20
792
196
579
172
340
512
730
529
984
863
764
578
858
26
236
499
721
254
350
548
961
779
388
378
132
578
824
955
467
356
535
579
32
624
59
78
527
454
594
271
394
328
596
730
823
589
742
184
420
483
634
963
234
464
495
907
312
122
893
334
818
44
237
765
334
81
450
208
369
640
825
352
328
141
246
86
486
993
397
994
398
71
256
705
767
19
2
871
451
917
299
287
996
413
870
710
199
988
282
571
358
193
178
985
804
401
318
671
77
562
113
502
132
530
856
81
366
767
696
768
241
726
999
176
289
620
544
958
909
26
253
732
269
44
23
621
145
173
221
394
601
758
270
318
399
844
636
690
211
374
318
246
157
28
922
948
196
6
371
584
608
257
748
189
964
984
42
607
594
560
777
341
641
666
68
946
753
460
16
92
639
88
630
845
897
298
114
336
70
324
26
95
85
285
842
989
866
403
497
748
807
161
972
381
851
382
854
715
311
494
556
217
378
847
27
790
11
797
540
872
117
361
106
866
406
593
581
547
65
260
696
280
802
945
573
600
995
418
722
602
789
959
261
224
275
276
495
740
756
136
211
684
310
640
445
609
864
827
78
412
586
191
896
617
716
42
932
649
406
524
743
344
882
501
188
947
776
848
947
417
130
850
531
79
446
803
618
189
247
617
827
157
901
607
710
810
748
960
716
309
648
297
12
704
811
267
998
373
811
793
730
856
53
214
58
860
175
20
641
467
738
365
52
413
958
282
221
855
466
907
480
20
684
488
668
124
875
936
653
483
222
332
289
820
496
60
954
314
6
908
31
132
43
739
730
214
279
667
654
940
141
459
518
51
753
245
56
189
32
879
499
321
180
93
457
650
384
573
876
737
791
394
171
470
679
829
227
104
349
423
755
43
78
584
527
428
87
93
439
890
425
549
530
408
877
496
702
607
893
387
344
798
148
186
427
348
830
533
812
289
974
71
507
932
666
97
68
793
888
314
665
919
230
191
341
778
815
658
159
48
113
868
603
229
688
418
200
892
502
569
912
176
157
480
693
904
615
878
999
390
706
892
754
819
687
349
7
609
36
551
583
925
312
842
55
804
701
210
748
50
883
292
119
688
638
372
524
606
5
109
821
380
903
876
446
432
217
518
882
497
51
596
111
135
367
588
629
666
124
373
717
788
496
976
750
599
68
494
133
621
578
995
809
72
125
601
178
10
849
713
857
524
69
16
538
866
611
25
666
487
279
429
920
401
741
702
511
638
162
229
599
981
554
26
794
769
876
70
477
112
678
717
121
650
7
751
495
948
219
779
42
843
47
161
695
787
326
720
87
690
139
372
690
970
453
49
648
694
480
993
275
801
908
695
797
194
436
60
225
20
212
824
152
242
148
937
493
424
998
368
950
54
733
888
209
671
943
291
541
258
184
307
240
32
235
327
990
58
870
620
543
633
10
425
661
764
151
887
998
599
53
991
457
636
933
120
232
722
805
177
955
815
336
73
887
173
25
723
638
548
594
236
651
743
871
90
941
125
401
494
437
262
947
279
5
692
476
15
541
440
141
266
522
155
778
803
947
396
795
235
689
420
249
387
836
581
557
305
169
31
5
71
783
753
938
951
726
585
60
270
203
600
258
780
710
423
111
169
900
5
936
344
849
538
115
488
826
358
63
975
65
903
322
334
568
695
842
701
284
714
771
680
6
254
422
670
745
544
107
665
639
388
541
665
938
153
412
421
539
980
373
936
364
505
604
327
238
29
838
110
866
495
72
838
271
203
922
944
830
672
545
735
634
894
673
481
821
172
576
3
275
522
752
172
995
811
325
670
868
527
206
614
884
128
404
237
767
414
279
415
869
760
181
502
934
556
243
226
39
811
738
752
840
681
945
346
607
606
265
281
859
23
635
389
607
450
344
306
118
203
340
244
83
468
264
49
276
251
40
71
64
571
258
334
231
555
242
889
426
489
664
28
400
289
647
921
753
511
324
744
26
327
203
447
811
987
13
266
728
758
926
899
153
668
203
490
81
734
482
647
446
535
411
295
594
574
768
369
539
410
629
87
957
772
954
814
592
884
840
891
87
381
422
519
381
59
615
77
755
191
917
105
705
167
546
625
159
269
370
304
407
876
31
809
984
843
503
321
622
86
965
154
528
982
939
776
678
824
787
679
802
386
946
840
607
178
573
542
122
704
44
193
593
886
134
737
691
269
837
363
704
241
777
443
164
246
151
431
883
502
854
264
660
712
325
130
437
790
429
665
299
601
819
397
710
145
462
105
467
533
2
554
845
873
473
488
218
532
330
945
374
17
820
118
480
955
519
318
239
390
234
879
656
194
691
845
53
220
522
344
418
789
381
770
613
834
846
785
558
344
294
68
702
284
721
210
429
440
23
947
998
306
444
346
766
498
802
535
545
350
695
198
567
47
569
256
644
458
488
906
598
759
846
123
524
92
928
416
71
85
473
363
157
250
225
82
265
775
753
684
617
547
641
386
356
685
704
721
549
392
314
655
70
201
615
542
580
542
542
325
784
574
780
580
747
103
706
994
239
148
574
514
588
134
652
398
975
42
179
541
318
307
301
22
822
818
299
435
755
482
971
727
358
991
702
641
405
381
78
251
16
454
543
9
17
396
716
945
432
939
33
37
865
992
514
389
319
686
870
285
170
661
840
165
650
336
73
840
52
230
913
937
69
984
453
312
364
549
906
840
497
457
52
6
440
732
980
184
288
864
872
786
515
358
120
483
57
718
186
165
310
614
280
233
369
485
158
405
271
381
561
836
373
123
765
442
646
654
271
988
802
819
472
809
936
996
998
225
852
438
264
146
588
395
651
515
924
139
684
247
360
545
800
473
28
989
446
810
307
424
228
423
903
382
897
831
333
271
721
130
257
109
815
99
334
208
680
255
546
945
370
519
552
316
370
144
666
153
159
389
317
425
107
286
457
870
621
269
99
435
651
923
157
875
994
324
661
730
737
390
410
9
957
730
128
477
401
523
259
173
306
951
997
16
966
524
708
943
890
436
693
643
228
414
267
7
461
885
838
919
224
961
283
846
2
487
992
969
119
343
755
867
982
356
51
99
656
963
671
587
891
917
412
557
95
663
371
151
632
617
691
840
640
251
109
519
966
429
192
288
891
151
231
54
180
138
913
864
550
833
973
564
20
221
766
251
384
578
186
739
599
154
772
315
917
462
698
349
575
980
182
551
820
992
653
571
70
263
476
754
751
55
160
323
354
990
19
14
501
355
452
443
887
299
395
316
975
343
836
628
672
507
340
332
280
21
408
419
739
281
493
760
593
730
63
553
898
320
940
379
709
264
600
465
664
852
553
763
854
421
868
85
941
477
669
983
298
47
525
665
137
34
36
49
437
705
956
816
778
937
674
834
151
915
225
282
868
706
364
101
940
466
733
685
882
365
524
12
449
669
505
686
819
749
598
423
77
67
41
247
374
241
410
219
332
883
197
966
596
552
837
77
110
504
184
766
559
204
804
195
661
50
767
498
678
388
730
520
443
925
6
884
848
722
260
574
667
304
160
667
971
392
288
74
538
891
342
949
547
245
548
333
443
885
491
225
829
52
95
635
395
851
16
271
439
731
707
213
133
417
832
760
296
521
813
940
618
105
199
644
935
832
610
333
358
971
155
472
209
412
852
87
270
155
983
537
403
250
184
395
237
665
472
877
179
942
95
241
102
313
995
99
991
573
53
441
803
920
621
618
322
716
970
260
579
98
673
840
980
99
40
354
722
406
292
637
810
853
417
745
929
860
181
901
871
286
396
254
466
154
532
676
803
95
538
669
221
615
35
596
580
730
769
29
711
787
236
96
410
176
800
727
344
891
299
323
412
283
945
740
583
52
820
522
193
678
672
716
452
209
230
326
174
727
977
641
560
402
4
849
707
4
504
977
323
274
140
354
676
964
146
302
950
489
892
140
300
773
732
239
391
814
900
335
423
311
724
170
813
180
35
32
5
90
928
231
121
868
935
488
229
873
631
825
790
590
304
613
260
952
671
490
442
786
928
438
493
890
181
813
126
467
130
7
420
431
985
433
776
649
500
65
60
412
71
551
715
105
716
131
0
164
413
617
682
6
9
901
902
570
818
464
240
598
742
772
666
511
702
347
889
71
933
744
485
193
512
271
918
236
113
112
125
270
140
317
236
999
217
286
969
945
930
504
24
996
50
215
397
182
907
805
757
382
547
864
630
243
525
944
331
568
32
143
349
201
454
44
166
591
486
13
10
505
577
267
296
819
83
647
970
848
67
241
518
654
377
768
650
628
319
87
202
73
509
860
372
897
1
598
153
744
188
577
830
993
245
624
158
956
904
616
705
372
548
626
938
928
476
303
588
261
311
934
799
570
890
541
156
598
943
839
631
371
19
567
767
136
989
893
244
105
964
211
638
847
767
558
23
553
150
877
538
401
28
548
395
272
431
780
679
273
221
709
880
489
184
545
695
148
952
306
871
314
923
754
928
882
624
866
415
208
949
823
749
758
306
234
488
601
504
126
691
587
428
864
985
35
783
482
696
374
360
743
748
825
509
893
815
443
558
452
795
874
660
583
106
12
105
404
965
936
752
641
529
48
978
865
885
826
490
210
760
957
571
876
391
99
377
870
133
450
343
645
407
0
457
322
315
638
901
809
606
858
887
405
650
288
174
560
12
109
563
895
608
603
86
277
572
970
756
803
713
770
129
316
328
725
941
141
567
673
827
842
723
635
567
499
905
134
95
474
665
446
195
872
112
64
640
1
993
870
306
417
977
618
989
883
879
230
967
398
129
487
595
846
870
878
367
105
637
790
430
662
803
402
460
303
237
334
377
933
338
743
960
698
997
348
289
801
673
719
653
887
245
251
78
506
66
962
847
128
787
897
769
723
66
676
163
361
751
67
787
830
768
399
169
487
113
484
820
970
158
956
92
816
602
870
594
783
857
374
922
449
714
304
381
526
256
991
63
907
135
197
622
981
757
730
463
640
249
208
68
397
48
769
77
920
721
709
980
248
520
847
571
679
353
929
16
148
814
723
554
356
595
453
751
88
944
178
183
560
810
384
552
134
280
622
102
164
814
459
324
102
472
259
229
767
757
446
175
324
903
0
372
411
513
996
259
614
837
834
248
284
823
576
918
814
632
474
806
768
148
96
163
416
647
110
352
74
481
945
967
807
775
762
571
947
566
458
923
863
567
339
782
472
246
841
167
26
266
793
61
338
477
536
250
126
348
444
382
596
780
961
800
297
61
643
795
93
836
915
599
803
560
29
510
303
695
360
495
16
443
376
475
690
185
511
54
982
22
154
945
922
329
862
54
63
406
504
55
936
207
514
591
341
883
194
149
398
524
75
324
718
113
160
28
363
941
766
568
515
671
9
534
259
725
683
227
622
742
587
792
475
352
237
554
436
20
425
972
609
871
16
602
295
7
62
475
547
921
348
245
487
221
344
886
84
597
75
600
973
19
675
3
120
552
820
659
188
219
566
196
87
654
63
492
881
769
909
156
781
403
167
676
560
451
765
251
294
726
651
865
488
390
333
257
612
528
506
105
54
924
173
322
586
406
136
472
147
415
591
898
406
461
21
301
77
294
447
560
692
835
500
649
795
870
122
646
493
129
593
10
934
57
476
543
620
801
111
235
605
808
981
833
867
118
949
648
576
965
377
831
213
550
587
220
471
358
278
89
581
880
212
770
119
324
863
263
90
57
554
868
115
692
309
82
509
114
23
636
541
860
511
46
895
65
350
607
12
724
682
407
130
804
137
965
632
469
517
843
674
139
939
876
207
300
733
787
628
995
258
560
518
247
706
641
537
117
56
904
920
524
501
581
948
953
296
845
383
451
254
686
705
165
339
934
25
461
513
88
600
747
582
629
561
391
469
657
766
55
257
24
227
95
420
203
649
890
683
832
294
899
935
88
648
807
846
232
380
916
851
829
790
752
302
88
821
440
351
900
976
723
164
274
649
197
930
755
121
530
938
827
902
597
894
354
979
135
783
724
58
828
50
721
940
177
408
854
680
701
6
857
76
595
68
154
781
105
816
600
924
173
634
359
831
34
318
820
200
342
460
993
595
443
190
247
46
92
763
959
158
435
245
849
496
560
780
169
905
594
452
333
870
654
203
818
328
212
710
239
727
4
202
770
9
628
194
623
448
562
866
412
878
779
139
209
793
324
806
457
952
514
703
383
387
92
75
812
57
650
655
624
699
846
41
30
554
119
878
765
324
575
257
272
524
544
638
701
375
415
32
676
237
866
673
783
981
851
185
986
254
790
13
659
493
287
124
940
947
315
552
189
64
797
165
391
401
502
276
588
614
23
366
207
29
142
600
712
881
549
669
709
804
501
946
246
369
785
118
84
40
535
248
38
512
445
600
535
429
349
443
264
199
949
320
325
200
918
356
880
739
382
192
249
993
323
180
742
808
631
715
956
815
255
826
81
400
23
296
763
671
262
978
996
579
321
671
360
460
114
404
807
44
874
354
171
239
365
629
593
376
250
196
90
897
111
553
93
144
386
167
687
332
482
629
251
602
260
285
421
52
439
365
703
501
202
246
701
982
489
259
677
868
57
147
436
434
860
285
734
586
525
33
944
941
943
545
612
107
767
953
30
161
34
208
921
373
630
402
574
681
725
761
910
525
995
898
633
604
912
312
589
859
132
805
159
988
168
708
452
447
905
142
494
211
177
646
661
673
409
209
413
124
820
506
790
514
254
35
526
991
290
219
15
568
120
162
935
579
252
270
729
293
307
18
330
479
174
275
462
107
984
115
894
11
933
518
154
144
996
557
90
891
628
384
873
646
111
744
297
907
936
889
345
758
256
433
499
753
454
511
778
191
516
918
365
206
225
943
786
297
200
679
489
491
807
528
406
751
680
378
830
156
169
520
238
295
635
844
106
352
384
132
363
385
891
620
473
260
199
285
226
801
234
696
937
585
578
735
793
730
319
789
61
414
717
483
444
91
531
31
106
905
956
572
562
759
82
136
103
186
67
431
792
489
129
988
930
24
995
877
140
544
509
361
888
974
519
958
589
812
816
926
622
951
565
856
527
325
819
646
543
525
475
368
617
760
765
806
933
484
321
405
490
515
709
43
2
926
1
443
192
381
166
522
230
967
366
59
807
315
855
907
694
115
811
556
995
914
134
953
927
58
952
260
232
205
268
880
274
490
975
722
392
439
217
328
616
698
210
319
395
881
328
310
212
650
319
657
508
931
102
362
223
568
259
342
285
940
560
136
12
162
198
370
554
339
61
614
896
940
172
516
305
669
496
953
288
279
565
248
366
254
96
497
837
640
166
951
117
206
625
649
212
721
51
998
621
138
866
725
199
880
181
797
89
101
171
275
506
670
863
961
472
354
682
479
57
340
77
809
280
847
534
68
85
123
303
809
737
499
769
350
361
890
463
757
71
182
402
189
648
503
697
781
986
783
765
864
589
31
448
996
970
540
878
612
93
104
96
697
337
490
962
291
254
897
700
42
383
351
273
678
893
405
959
457
513
119
358
295
929
764
8
114
410
938
772
346
768
802
898
823
983
13
678
59
997
730
796
639
421
463
697
676
531
506
824
339
166
269
542
628
693
161
396
618
456
654
636
345
284
184
987
615
995
331
741
607
433
179
851
451
869
642
931
991
335
781
975
926
939
91
707
919
940
56
497
759
180
32
511
571
851
748
819
129
60
684
873
607
229
660
605
96
4
519
117
517
74
174
30
53
35
797
113
699
139
139
237
664
289
577
927
838
989
138
755
493
830
248
499
89
954
268
326
430
0
841
25
649
313
472
117
4
95
332
194
420
878
416
965
385
405
468
25
750
643
311
258
50
419
465
822
2
385
966
94
926
279
663
370
442
659
630
297
523
409
235
454
696
217
820
290
606
338
992
356
269
524
205
494
812
400
416
101
433
336
73
331
639
24
21
601
647
898
7
584
514
701
425
5
274
225
349
368
707
843
778
16
3
20
548
86
409
302
223
768
283
334
357
936
564
293
587
301
91
109
226
209
974
314
754
935
707
747
353
975
714
602
582
16
661
456
300
347
780
346
499
17
323
598
7
416
721
19
16
963
498
785
70
608
878
896
542
864
864
437
215
510
818
177
783
297
112
344
234
715
63
154
509
171
116
730
286
443
206
876
929
279
992
137
72
408
637
951
14
275
923
23
662
488
854
685
433
679
872
983
663
516
726
899
247
951
609
579
889
980
403
286
890
398
215
111
723
476
42
913
43
114
664
441
50
390
17
664
230
867
68
418
77
846
193
385
537
38
32
403
451
885
761
588
825
833
846
203
232
908
840
881
790
245
249
312
948
331
745
552
352
378
884
640
860
762
337
371
522
353
711
666
36
262
775
800
685
939
940
336
863
958
712
454
24
632
536
856
681
291
376
835
681
983
859
393
555
942
369
692
56
553
767
732
481
422
44
774
891
794
879
182
438
353
992
8
372
899
230
509
920
334
254
27
390
448
887
379
22
48
258
54
627
335
890
495
16
53
775
600
541
114
478
617
814
918
272
916
600
979
38
995
239
750
809
541
898
110
710
769
421
460
726
241
963
89
416
462
559
196
679
352
766
1
216
902
23
681
803
34
801
638
982
182
989
859
693
321
55
952
366
16
483
239
362
256
325
741
497
160
184
747
103
379
658
832
9
663
411
455
50
464
467
515
287
705
59
971
788
376
855
66
549
780
292
270
884
161
700
669
247
157
808
540
480
469
173
900
864
455
777
704
709
113
361
516
735
304
935
529
296
187
85
926
319
636
857
523
718
557
198
94
206
427
92
61
257
475
472
702
342
406
113
894
833
882
906
810
325
688
798
263
678
66
618
953
25
370
898
602
39
991
657
468
65
49
722
748
750
71
863
962
777
428
963
404
703
245
247
310
810
949
493
394
618
970
365
556
550
728
542
450
663
25
48
848
173
842
263
701
160
901
242
647
780
90
518
140
357
994
385
628
520
999
444
31
407
547
772
789
809
946
234
918
675
80
295
76
433
632
88
444
569
6
237
187
11
939
937
560
706
32
406
65
784
737
166
195
881
704
434
401
672
453
399
411
785
989
568
462
110
6
1
995
857
64
787
95
722
640
316
344
155
774
839
646
378
435
416
495
443
355
24
428
411
489
114
384
438
336
756
136
444
460
253
817
879
294
187
599
848
579
847
396
510
701
744
630
178
67
104
37
802
552
154
456
27
137
647
942
646
738
993
785
223
196
887
293
602
558
576
592
931
79
321
706
633
991
759
963
866
639
416
150
588
298
716
691
335
92
570
627
698
81
718
961
16
346
769
564
586
209
746
353
489
379
892
486
673
250
998
986
295
45
825
966
956
666
719
348
486
923
387
37
691
138
594
767
831
629
717
123
921
19
35
440
345
369
607
469
848
663
131
768
284
83
328
499
35
88
725
987
837
108
891
642
82
266
412
367
992
610
695
219
999
57
856
169
604
542
301
932
79
97
931
691
860
688
378
689
537
54
825
5
652
687
985
391
371
966
842
962
674
41
62
478
188
61
672
7
970
249
45
216
603
429
730
964
368
797
985
522
36
169
318
459
794
533
864
48
636
508
717
263
278
555
106
220
336
9
496
299
90
338
156
455
590
838
287
504
767
90
247
812
134
86
761
57
718
577
596
717
146
173
353
208
718
556
390
834
644
629
796
75
204
268
87
370
602
336
117
565
423
171
586
938
496
135
126
719
342
505
900
309
544
268
486
555
586
380
778
234
411
92
417
944
425
653
740
293
252
48
528
704
772
210
794
195
975
604
83
775
803
740
841
399
564
252
78
6
902
34
485
541
869
615
726
370
861
832
736
245
575
539
327
666
671
600
76
83
484
660
692
589
436
446
35
941
253
932
440
370
620
410
956
239
996
16
317
450
733
800
426
984
52
730
967
608
948
262
351
352
347
59
123
506
160
984
617
885
684
1
982
37
622
660
747
191
12
110
146
2
238
264
16
763
926
774
206
357
508
643
396
510
810
122
822
921
3
778
186
219
330
553
229
717
817
914
122
863
210
516
999
783
912
70
114
276
970
609
589
371
215
449
452
831
551
855
380
306
712
799
885
965
129
930
215
532
401
579
634
855
184
81
871
328
779
836
6
953
633
217
440
465
225
404
837
953
32
521
392
359
288
45
382
452
741
664
785
306
687
831
329
118
21
428
153
508
562
438
810
152
463
306
417
52
394
128
270
653
800
321
510
257
227
93
589
523
415
82
50
376
184
553
609
642
456
667
810
518
209
220
651
714
943
595
77
686
442
97
382
795
932
877
818
230
448
659
230
410
895
108
42
373
590
761
102
326
36
684
116
601
176
680
19
723
766
139
290
850
278
941
693
118
146
377
283
726
820
416
378
633
323
889
492
923
250
602
273
748
890
618
941
9
604
379
114
351
91
211
207
767
707
794
880
780
667
253
641
418
255
296
872
202
673
719
195
873
667
458
875
966
30
699
831
129
953
414
415
276
798
955
377
92
628
423
559
612
430
667
356
740
636
945
630
144
607
224
55
637
591
967
579
346
835
953
201
875
275
993
996
750
564
590
30
423
533
827
629
162
235
839
274
338
590
19
993
181
462
444
943
251
585
644
680
793
470
392
148
410
851
928
886
528
836
231
610
573
479
819
253
102
108
624
29
153
368
862
442
710
760
808
40
56
125
338
257
587
197
633
922
220
670
579
192
411
169
696
815
457
664
585
458
345
619
558
487
515
290
764
7
990
463
949
303
885
782
958
832
944
783
934
349
587
902
454
138
894
118
989
767
802
496
88
716
820
590
508
869
239
958
793
990
771
688
202
735
312
462
191
320
670
278
598
294
248
107
302
963
69
688
790
633
274
327
856
364
681
992
451
50
675
548
996
838
410
504
749
945
903
957
630
12
155
577
244
295
55
636
621
484
153
209
446
387
101
960
382
636
385
648
421
711
367
535
423
216
382
280
209
118
655
670
173
810
686
508
221
332
46
285
751
464
122
384
80
953
709
630
822
618
597
272
914
946
129
713
414
324
950
95
254
929
213
405
897
262
967
152
912
676
268
486
383
90
973
209
80
974
36
563
947
536
87
264
309
147
632
567
965
615
157
522
297
778
564
975
1
251
81
577
498
81
874
358
830
829
887
719
328
284
568
365
818
913
728
201
714
980
897
925
487
311
376
772
987
610
537
437
613
982
421
2
972
824
242
739
192
351
848
557
274
210
983
51
400
421
991
872
599
41
386
668
91
545
137
77
255
409
925
449
575
785
874
629
959
257
33
961
237
183
759
653
811
723
205
237
803
250
376
613
230
419
287
469
452
397
810
140
624
993
678
726
360
796
135
297
316
623
954
408
902
325
796
360
439
431
823
917
922
119
951
333
390
267
527
205
817
143
928
924
763
507
369
399
53
731
195
417
384
529
900
188
674
47
45
926
641
995
752
766
758
882
88
382
329
726
148
55
759
685
889
251
762
525
132
583
334
654
541
540
264
947
773
105
360
643
695
544
151
762
66
645
628
154
800
302
853
200
463
291
475
258
329
761
348
851
304
730
351
857
941
332
878
607
34
846
349
73
311
519
104
323
699
950
972
366
75
638
923
508
151
818
944
325
517
242
169
473
328
110
144
626
521
513
556
926
812
214
207
238
735
531
926
798
255
991
891
984
429
9
749
888
540
743
65
632
348
129
785
793
129
84
766
908
77
307
318
362
810
160
545
317
520
620
667
138
555
884
727
328
813
590
419
486
358
327
197
950
663
884
8
672
562
377
28
617
709
195
499
2
571
803
655
141
833
115
853
448
488
200
58
26
241
760
712
684
84
494
464
138
476
87
559
559
307
483
698
821
687
56
143
476
781
633
60
351
860
606
911
264
303
680
541
826
563
941
464
366
666
271
440
755
490
393
209
868
171
398
935
299
432
402
334
337
841
729
54
966
884
57
0
904
246
960
925
455
243
59
50
962
933
539
786
969
208
293
378
388
993
320
836
362
5
836
83
533
559
631
821
419
676
393
752
791
557
126
360
164
999
953
397
275
333
616
257
876
975
910
310
965
539
374
132
375
403
791
200
411
42
814
522
864
937
76
614
436
299
161
969
928
113
220
940
500
871
176
261
963
896
289
605
657
830
830
161
708
498
958
261
321
834
860
282
492
843
120
391
757
184
531
563
415
97
330
851
126
488
805
565
121
703
51
147
635
267
690
913
792
656
357
637
687
161
255
198
163
245
697
806
451
341
972
155
460
217
133
40
812
144
418
622
303
958
499
82
262
862
490
328
262
117
612
713
887
391
475
202
592
624
71
628
620
999
748
978
114
794
139
578
83
873
320
650
365
86
85
181
556
456
231
264
190
598
2
143
591
607
300
367
157
850
53
551
417
282
324
132
655
916
696
690
948
530
313
203
716
29
364
552
451
366
794
922
572
387
920
527
918
131
419
935
977
895
970
103
447
383
201
18
637
469
630
730
838
234
855
521
252
527
191
664
984
923
597
172
156
671
742
0
110
242
443
440
724
402
341
5
18
645
4
476
709
923
586
413
923
139
376
368
100
70
973
692
729
205
263
754
334
913
66
751
621
567
45
212
238
679
315
724
605
662
538
650
118
123
83
797
448
425
599
230
900
326
169
940
83
718
752
376
669
93
438
903
38
128
423
330
62
384
926
838
617
709
125
737
353
261
685
907
223
848
25
51
839
965
784
201
675
26
650
984
157
903
658
557
34
137
287
316
242
210
257
335
583
334
62
821
425
557
169
221
724
147
867
864
860
527
156
973
203
889
806
951
230
711
671
847
819
388
419
70
428
79
326
74
863
215
404
349
681
660
904
408
830
829
939
511
515
232
344
294
569
837
575
61
780
834
421
731
41
122
782
427
418
662
899
45
526
861
429
662
318
760
330
85
232
721
758
960
581
76
147
293
361
344
864
941
283
579
186
740
265
756
715
293
561
753
264
490
278
567
333
331
611
437
42
432
387
936
73
679
330
923
836
722
156
695
861
438
707
345
870
854
429
648
550
19
43
836
912
646
434
728
400
553
125
69
485
877
430
356
935
673
375
867
554
485
263
604
430
350
306
612
579
389
922
570
894
714
652
46
907
522
209
474
850
572
590
624
954
298
941
289
779
893
559
976
160
206
905
53
420
706
902
512
613
139
740
550
6
732
986
953
303
737
447
393
420
640
833
218
718
135
362
21
366
74
139
948
595
439
586
316
803
589
399
425
783
42
807
271
308
636
282
251
487
861
752
399
976
831
17
149
936
195
539
921
127
774
988
72
929
643
797
723
696
632
357
629
479
712
632
196
978
934
314
159
631
356
141
748
604
709
940
653
793
931
945
143
954
316
451
727
361
65
526
512
589
310
810
252
430
868
611
880
375
824
457
644
722
930
679
103
497
810
807
869
484
358
652
48
967
81
673
618
328
209
968
45
134
748
779
744
893
577
926
870
102
824
76
693
559
861
477
796
324
180
847
761
7
224
642
563
919
143
209
584
921
614
285
481
404
91
884
110
955
990
768
578
903
86
127
63
293
283
601
566
329
948
462
556
779
853
933
570
117
374
419
580
137
474
147
492
966
678
177
534
256
649
142
753
570
966
690
125
369
15
829
462
68
963
11
125
713
933
934
171
885
757
715
634
335
921
405
341
495
479
477
645
554
558
340
172
748
838
63
425
820
126
927
896
284
352
695
129
95
740
470
167
853
127
912
565
977
307
629
431
341
655
142
508
417
273
320
247
7
713
642
840
384
657
504
838
688
91
383
388
13
20
144
788
146
319
296
633
393
51
785
248
697
207
2
159
164
621
123
366
304
73
467
423
354
414
148
80
389
125
954
377
674
778
20
184
320
792
326
503
478
827
850
986
232
648
797
703
639
809
657
31
668
755
71
840
524
460
757
9
300
930
608
381
80
473
891
714
839
391
704
457
322
391
436
334
328
552
767
567
255
52
330
983
403
978
188
30
154
812
509
195
711
648
944
783
51
452
365
920
11
753
915
604
674
679
512
11
537
250
299
263
652
597
100
834
911
787
346
134
448
246
288
66
951
351
324
965
929
644
912
166
925
438
931
785
130
426
139
183
359
610
406
106
104
693
444
945
144
865
308
627
279
145
189
267
886
432
963
216
451
94
103
545
650
893
611
972
787
998
527
477
473
986
996
851
327
63
46
342
752
20
504
986
757
645
835
524
773
344
287
525
109
750
292
960
625
301
186
809
264
317
675
533
17
326
233
616
745
578
720
727
679
162
730
730
391
975
747
654
579
608
420
239
248
422
685
555
761
700
282
993
951
885
1
603
276
424
807
502
284
619
657
699
761
727
227
608
369
773
411
513
364
830
43
418
723
9
498
104
155
43
603
906
744
870
446
481
41
510
533
674
467
