598
78
186
131
41
800
716
41
358
303
450
934
986
305
953
508
239
47
673
355
602
793
73
878
424
889
422
684
946
432
595
459
85
840
846
647
492
534
173
662
444
95
944
586
545
34
473
278
253
311
835
705
781
288
219
832
506
765
330
989
20
508
613
624
511
704
689
341
391
621
918
309
724
246
612
255
894
224
309
828
506
504
523
860
838
676
743
656
960
763
183
161
427
492
156
18
132
997
788
776
538
470
817
291
790
369
788
195
987
859
319
537
91
729
138
187
29
278
294
320
685
506
873
884
320
581
690
464
956
609
686
789
172
603
150
871
623
834
857
319
703
770
552
371
136
392
351
707
593
293
156
542
33
634
290
127
407
849
335
132
340
354
143
507
322
214
975
290
664
891
89
612
230
692
129
440
528
9
541
234
661
706
636
101
827
949
905
18
625
662
533
665
976
152
772
602
396
201
51
143
657
772
352
557
617
118
529
419
402
652
498
556
260
759
752
286
38
545
835
972
549
750
376
930
897
296
652
229
956
736
105
90
848
172
41
32
473
890
58
845
394
514
548
753
634
798
573
430
887
608
300
806
360
379
10
17
502
919
809
550
459
610
675
705
953
780
680
981
712
957
619
920
151
271
97
26
107
166
580
622
126
124
89
319
940
465
527
436
614
200
343
982
230
144
154
367
61
609
312
708
770
4
662
969
551
444
302
352
129
790
491
994
832
229
307
130
44
780
799
693
803
30
918
796
693
41
861
523
587
817
385
746
782
371
629
681
171
680
197
171
756
909
287
830
537
926
590
547
85
489
723
154
422
836
584
694
605
886
534
775
765
512
557
595
69
753
13
513
347
247
879
516
998
319
194
517
308
399
834
576
89
442
106
621
383
897
822
199
626
582
406
409
571
52
111
329
125
780
986
904
43
316
954
189
735
68
237
148
934
527
50
708
78
507
439
426
869
378
864
144
503
323
871
643
802
5
570
59
216
540
617
55
219
613
702
755
425
885
305
379
694
84
152
505
85
88
648
267
331
902
47
144
414
856
491
258
361
557
451
427
70
804
546
76
6
295
952
695
547
588
268
201
917
593
85
929
181
551
764
106
329
79
342
892
36
538
791
210
81
481
834
823
465
562
988
44
706
208
881
13
438
229
473
853
537
293
749
904
275
841
63
670
80
230
80
663
604
955
892
135
620
246
144
653
507
20
625
744
573
54
228
252
232
903
725
669
830
263
350
301
162
358
244
361
577
732
659
154
580
29
621
779
939
322
415
184
511
111
593
389
366
146
391
240
946
192
457
588
463
415
605
675
31
507
872
86
395
882
159
775
80
727
149
905
886
353
0
822
91
551
170
274
284
678
584
94
474
589
78
19
675
576
432
697
949
484
143
336
654
556
160
517
870
911
213
536
206
918
774
29
476
897
525
154
81
628
235
512
997
177
64
415
147
56
789
182
282
37
330
543
848
664
545
624
183
538
200
648
600
791
102
802
998
618
946
573
950
179
664
648
375
271
137
533
637
852
536
882
497
669
735
596
636
128
185
999
628
92
512
858
405
858
378
13
687
202
657
535
221
482
265
87
131
782
520
561
738
332
594
944
430
319
62
770
427
669
843
190
347
468
268
889
643
344
187
525
979
971
795
2
859
217
58
857
825
413
570
817
16
599
617
298
137
823
256
289
918
44
604
246
807
113
765
8
696
683
732
782
768
540
198
242
642
809
192
751
686
79
9
584
858
43
991
324
372
109
338
259
889
310
450
113
555
714
183
938
316
503
761
72
581
774
17
101
35
174
454
296
315
737
285
579
999
662
969
293
153
541
3
337
615
920
456
792
699
247
916
912
662
474
733
765
39
845
221
440
794
149
297
842
351
145
232
204
140
612
977
185
318
497
913
603
907
783
329
654
672
185
281
948
962
761
814
973
142
790
484
262
820
300
498
319
369
675
389
688
3
343
388
688
154
345
204
983
559
774
669
126
84
781
681
313
852
19
620
840
514
146
934
127
610
939
616
806
189
266
491
830
161
785
765
698
704
364
86
290
797
803
311
885
483
750
877
824
420
896
998
209
834
687
831
24
681
87
443
123
289
765
27
147
799
869
424
394
3
603
231
625
67
682
194
75
615
66
352
597
141
70
203
611
126
231
719
889
548
343
149
396
440
442
449
251
830
729
657
996
152
212
588
903
998
906
521
203
237
945
431
752
568
517
496
563
294
140
118
178
245
459
770
346
36
500
20
834
117
853
69
83
227
421
483
376
171
476
740
49
94
238
231
687
